Torso0: -0.010245

VHIP0: 0.000000
PHIP0: -0.201774
PHIPF: 0.189833

TMAX: 1.001561 
TAUMAX:  1 

q0: [0.500259,  -0.508749,  -0.071598,  0.521984]

a: [[0.500359, 0.679617, 0.565885, -0.443988, 0.476746, 0.541875],
[-0.508650, -0.491950, -0.147021, 0.154843, -0.164018, -0.079610],
[-0.071697, 0.024583, 0.154011, -0.742007, -0.540778, -0.500993],
[0.521884, 0.567830, 1.212465, 1.292677, 0.447871, 0.485245]]

tau_time_coeff: [0.08035506, 1.62243438, -2.60037120, 1.89036330, 0.00117718] 

tau_v1: 0.99999987 
T_v1: 1.00156085 

dtau_time_coeff: [4.14867359, -6.43281196, 7.94182093, -5.45953687, 1.85157468] 

dtau_tau_coeff: [-16.24726786, 34.73041811, -18.24243258, 0.02964042, 1.80518265] 

# Gains:
P: -400
D: -4
