Torso0: 0.009683

VHIP0: 0.000000
PHIP0: -0.073248
PHIPF: 0.060021

TMAX: 0.300959 
TAUMAX:  1 

q0: [1.210899,  -0.721185,  -0.576094,  1.274487]

a: [[1.272695, -5.247731, 9.946869, -5.624669, 9.967475, 2.916164],
[-0.778028, 5.567278, -3.058079, 1.398119, -3.357091, -1.189402],
[-0.646376, 7.494227, 9.977304, 1.003874, 1.042533, -0.612786],
[1.383060, -9.918560, 4.639448, 1.493928, 3.462070, 1.564792]]

tau_time_coeff: [-2537.14394815, 1406.40085179, -210.68589822, 8.88413264, -0.06135483] 

tau_v1: 1.01204373 
T_v1: 0.30095863 

dtau_time_coeff: [2595.91596136, -1468.86072572, 235.08318125, -9.23766623, -0.04928329] 

dtau_tau_coeff: [-6.57978522, 12.83927948, -6.46399147, -0.04595494, 0.07048247] 

# Gains:
P: -400
D: -4
