Torso0: -0.051152

VHIP0: 0.000000
PHIP0: -0.171968
PHIPF: 0.152460

TMAX: 0.559173 
TAUMAX:  1 

q0: [0.583912,  -0.560236,  -0.202226,  0.609370]

a: [[0.584011, 0.608200, 0.121534, 0.086492, 0.503259, 0.609313],
[-0.560335, -0.548990, -0.265319, -0.031380, -0.178246, -0.202517],
[-0.202326, -0.234773, -0.815504, -0.824663, -0.613448, -0.560089],
[0.609270, 0.724379, 1.290307, 1.007424, 0.730225, 0.584314]]

tau_time_coeff: [-2.14937783, 4.38941854, -2.10816940, 1.96791826, 0.00047849] 

tau_v1: 0.99999983 
T_v1: 0.55917258 

dtau_time_coeff: [27.30349561, -36.06568133, 21.94648583, -5.20612142, 2.00268221] 

dtau_tau_coeff: [1.86019292, -5.18336689, 6.52952406, -2.89360771, 2.00594840] 

# Gains:
P: -400
D: -4
