Torso0: 0.021730

VHIP0: 0.000000
PHIP0: -0.128294
PHIPF: 0.127149

TMAX: 0.576412 
TAUMAX:  1 

q0: [0.479665,  -0.381608,  -0.089128,  0.479914]

a: [[0.479764, 0.476459, 0.134098, -0.067195, 0.347861, 0.480028],
[-0.381509, -0.348668, -0.131924, 0.178659, -0.054918, -0.089626],
[-0.089227, -0.129317, -0.277802, -0.252052, -0.421214, -0.381753],
[0.479814, 0.619107, 1.044266, 1.044988, 0.615178, 0.479848]]

tau_time_coeff: [3.24197290, -2.05394542, -0.20576660, 1.91096055, 0.00079614] 

tau_v1: 0.99999972 
T_v1: 0.57641176 

dtau_time_coeff: [56.16024099, -50.98401102, 18.02234418, -3.79747521, 2.03622638] 

dtau_tau_coeff: [4.65398654, -6.67239331, 4.07778207, -1.80927752, 2.03200430] 

# Gains:
P: -400
D: -4
