Torso0: -0.091010

VHIP0: 0.000000
PHIP0: -0.176088
PHIPF: 0.161365

TMAX: 0.705650 
TAUMAX:  1 

q0: [0.332310,  -0.470320,  -0.104859,  0.371177]

a: [[0.332210, 0.251663, 0.141306, 0.127936, 0.191488, 0.370858],
[-0.470419, -0.372457, -0.256068, -0.039406, -0.077658, -0.105246],
[-0.104759, -0.158639, -0.628122, -0.802243, -0.603273, -0.469642],
[0.371078, 0.580732, 1.026991, 0.820779, 0.514101, 0.332672]]

tau_time_coeff: [-0.06960317, 2.14339566, -1.96544514, 1.75803607, 0.00097148] 

tau_v1: 0.99999992 
T_v1: 0.70564980 

dtau_time_coeff: [21.65994587, -30.39383449, 20.10168544, -6.13846951, 1.84572184] 

dtau_tau_coeff: [1.01669165, -2.92242942, 5.95627006, -3.68077704, 1.84951495] 

# Gains:
P: -400
D: -4
