Torso0: -0.072985

VHIP0: 0.000000
PHIP0: -0.165694
PHIPF: 0.156910

TMAX: 0.741272 
TAUMAX:  1 

q0: [0.381750,  -0.466820,  -0.107774,  0.401369]

a: [[0.381849, 0.325537, 0.103476, 0.107436, 0.220635, 0.400659],
[-0.466721, -0.370578, -0.214843, -0.017517, -0.086869, -0.108482],
[-0.107872, -0.149716, -0.235533, -0.407834, -0.588394, -0.468296],
[0.401270, 0.610035, 1.027380, 0.935188, 0.565185, 0.381258]]

tau_time_coeff: [0.61880146, 1.09482504, -1.72562567, 1.77133646, 0.00079924] 

tau_v1: 0.99999998 
T_v1: 0.74127222 

dtau_time_coeff: [20.65770555, -27.00377947, 17.02576498, -5.74166076, 1.86124462] 

dtau_tau_coeff: [0.08935506, 0.73162546, 2.53985238, -3.00483785, 1.85650747] 

# Gains:
P: -400
D: -4
