Torso0: -0.054482

VHIP0: 0.000000
PHIP0: -0.060006
PHIPF: 0.068208

TMAX: 1.077720 
TAUMAX:  1 

q0: [0.560018,  -0.422056,  -0.179825,  0.751678]

a: [[0.681771, -4.677865, 5.281563, -4.250365, 2.361222, 2.173227],
[-0.505296, 5.232183, -3.011251, -0.702068, 1.786974, 0.831302],
[-0.324293, 7.106626, -2.524104, -3.131531, 3.915778, 2.457313],
[0.937179, -9.981118, 2.851942, 9.550836, -8.817955, -5.227455]]

tau_time_coeff: [8.38225026, -10.23245774, 0.27203841, 1.65569460, 0.14974367] 

tau_v1: 0.91336182 
T_v1: 1.07771967 

dtau_time_coeff: [-57.43419622, 105.79748599, -62.59304866, 19.57939724, -0.16255233] 

dtau_tau_coeff: [51.14473549, -65.03170425, 19.49483276, -3.19183593, 3.81074567] 

# Gains:
P: -400
D: -4
