Torso0: -0.102954

VHIP0: 0.000000
PHIP0: -0.261408
PHIPF: 0.140902

TMAX: 0.597219 
TAUMAX:  1 

q0: [0.913548,  -0.890681,  -0.493382,  1.032010]

a: [[0.913648, 0.882404, 0.552438, 0.943605, 1.125131, 1.032474],
[-0.890780, -0.799740, -0.734941, -0.418539, -0.606889, -0.494959],
[-0.493287, -0.372433, -1.356988, -0.653866, -1.034654, -0.893763],
[1.031914, 0.933848, 1.934753, 1.324451, 1.084037, 0.914886]]

tau_time_coeff: [-0.88910587, 3.10457271, -2.14022515, 2.02676379, 0.00239181] 

tau_v1: 1.00000066 
T_v1: 0.59721937 

dtau_time_coeff: [128.53241230, -158.43190591, 70.78904879, -13.17546455, 2.36496334] 

dtau_tau_coeff: [13.27691313, -27.68292852, 21.61657278, -7.23207429, 2.37806566] 

# Gains:
P: -400
D: -4
