Torso0: -0.023707

VHIP0: 0.000000
PHIP0: -0.171258
PHIPF: 0.179404

TMAX: 0.813655 
TAUMAX:  1 

q0: [0.282047,  -0.370617,  0.044840,  0.256255]

a: [[0.282147, 0.189580, 0.125115, 0.229867, 0.111601, 0.254075],
[-0.370517, -0.255679, -0.161983, -0.091293, 0.038324, 0.045462],
[0.044740, 0.024555, -0.081300, -0.493415, -0.483852, -0.370160],
[0.256155, 0.419999, 0.993644, 0.815238, 0.473703, 0.282194]]

tau_time_coeff: [0.18547806, 1.67659090, -2.10543310, 1.73050866, 0.00069572] 

tau_v1: 0.99999983 
T_v1: 0.81365499 

dtau_time_coeff: [7.22250302, -11.21453078, 11.62270439, -5.54643306, 1.79637094] 

dtau_tau_coeff: [-5.05410698, 9.15771298, -0.79176119, -3.01187290, 1.79863278] 

# Gains:
P: -400
D: -4
