Torso0: -0.031838

VHIP0: 0.000000
PHIP0: -0.144592
PHIPF: 0.140997

TMAX: 0.667546 
TAUMAX:  1 

q0: [0.284941,  -0.349755,  -0.028431,  0.295818]

a: [[0.285005, 0.193379, 0.144308, 0.187103, 0.143859, 0.294537],
[-0.349663, -0.239165, -0.169081, -0.078521, -0.018321, -0.028270],
[-0.028524, -0.055182, -0.178307, -0.496033, -0.465066, -0.349669],
[0.295722, 0.464276, 0.906220, 0.765167, 0.453778, 0.285595]]

tau_time_coeff: [0.26218276, 2.28095816, -2.31968286, 1.95038917, 0.00053369] 

tau_v1: 0.99999970 
T_v1: 0.66754586 

dtau_time_coeff: [18.74822124, -24.34972839, 18.25831785, -6.50241345, 2.02221206] 

dtau_tau_coeff: [-1.87688141, 3.17523328, 2.28056539, -3.30512550, 2.02375718] 

# Gains:
P: -400
D: -4
