Torso0: -0.022894

VHIP0: 0.000000
PHIP0: -0.332437
PHIPF: 0.060051

TMAX: 1.187896 
TAUMAX:  1 

q0: [1.225420,  -1.058349,  -0.693742,  1.361444]

a: [[1.233239, 1.274812, 1.195584, -1.861493, 7.835682, 9.917022],
[-1.048969, -0.966197, -0.555554, 0.146492, -3.832076, -4.571103],
[-0.693559, -0.606146, -0.750482, -7.176601, 6.745692, 9.986760],
[1.361590, 1.362069, 1.686970, -0.532295, 5.646289, 6.948865]]

tau_time_coeff: [1.95987123, -3.24857940, 0.62446242, 1.51317343, -0.02415071] 

tau_v1: 1.07064739 
T_v1: 1.18789580 

dtau_time_coeff: [9.83800722, -25.37066125, 27.50909931, -13.81114898, 2.68357742] 

dtau_tau_coeff: [7.43540027, -16.15825047, 18.61877402, -11.02007297, 2.61893778] 

# Gains:
P: -400
D: -4
