Torso0: -0.096881

VHIP0: 0.000000
PHIP0: -0.084717
PHIPF: 0.063928

TMAX: 1.197012 
TAUMAX:  1 

q0: [1.268582,  -0.873891,  -0.483731,  1.020354]

a: [[0.726982, -8.687419, 1.141960, -0.311509, 5.638908, 1.747845],
[-0.437046, 7.309905, -1.578914, 2.570013, -7.101690, -1.199087],
[-0.074020, 6.563226, -1.866935, 4.598628, -9.988326, -1.382000],
[0.436242, -9.755680, 2.646271, -3.354860, 9.968286, 1.600102]]

tau_time_coeff: [12.94399865, -24.80835986, 12.31305446, -1.00061605, 0.15634391] 

tau_v1: 0.83836267 
T_v1: 1.19701196 

dtau_time_coeff: [-33.06781440, 85.30638033, -77.61250321, 28.92707048, -0.09522618] 

dtau_tau_coeff: [-10.39080059, -0.03567199, 5.67630347, 0.18329341, 2.61889944] 

# Gains:
P: -400
D: -4
