Torso0: -0.107655

VHIP0: 0.000000
PHIP0: -0.188177
PHIPF: 0.169572

TMAX: 0.900305 
TAUMAX:  1 

q0: [0.405879,  -0.540136,  -0.151343,  0.445528]

a: [[0.405978, 0.329086, 0.062705, 0.119805, 0.251186, 0.446102],
[-0.540236, -0.428938, -0.018361, -0.286100, -0.114048, -0.149398],
[-0.151443, -0.209447, -0.232576, -1.090827, -0.736016, -0.534409],
[0.445428, 0.675983, 1.095309, 0.775208, 0.598635, 0.405721]]

tau_time_coeff: [0.26645187, 1.63202842, -2.42612736, 1.77682781, 0.00037208] 

tau_v1: 0.99999995 
T_v1: 0.90030533 

dtau_time_coeff: [-3.87584618, 8.02539285, 0.68276413, -3.87515350, 1.70614403] 

dtau_tau_coeff: [-17.50744282, 33.60096547, -15.13872256, -0.59651129, 1.69335691] 

# Gains:
P: -400
D: -4
