Torso0: -0.149742

VHIP0: 0.000000
PHIP0: -0.194285
PHIPF: 0.162885

TMAX: 0.769464 
TAUMAX:  1 

q0: [0.490818,  -0.634624,  -0.254774,  0.545614]

a: [[0.490912, 0.462513, 0.035077, 0.003405, 0.361653, 0.548103],
[-0.634711, -0.554321, -0.169258, -0.034653, -0.217947, -0.256636],
[-0.254765, -0.307723, -0.430728, -0.988282, -0.819159, -0.632428],
[0.545585, 0.765007, 0.964287, 0.925435, 0.674262, 0.489478]]

tau_time_coeff: [0.54695153, 1.29888191, -1.99192823, 1.81241835, 0.00017977] 

tau_v1: 0.99999987 
T_v1: 0.76946377 

dtau_time_coeff: [6.42060764, -5.55722963, 6.39609840, -4.07267165, 1.78229751] 

dtau_tau_coeff: [-5.33279374, 12.05917316, -4.85383827, -1.47332734, 1.76824866] 

# Gains:
P: -400
D: -4
