Torso0: -0.113926

VHIP0: 0.000000
PHIP0: -0.164947
PHIPF: 0.134195

TMAX: 0.634412 
TAUMAX:  1 

q0: [0.393830,  -0.513362,  -0.201376,  0.450654]

a: [[0.393748, 0.322485, 0.116601, 0.061136, 0.274508, 0.450712],
[-0.513454, -0.433604, -0.316309, -0.061488, -0.154869, -0.201685],
[-0.201289, -0.265205, -0.883619, -1.014860, -0.650747, -0.512955],
[0.450563, 0.651381, 1.094828, 0.818901, 0.570354, 0.394758]]

tau_time_coeff: [-1.61523954, 4.10507366, -2.34289174, 1.81914195, 0.00105285] 

tau_v1: 1.00000000 
T_v1: 0.63441213 

dtau_time_coeff: [32.79992074, -47.57016532, 29.28110280, -7.24908118, 1.92691281] 

dtau_tau_coeff: [3.63291534, -9.68984933, 10.92641014, -4.52341546, 1.93526701] 

# Gains:
P: -400
D: -4
