Torso0: -0.096134

VHIP0: 0.000000
PHIP0: -0.168279
PHIPF: 0.142956

TMAX: 0.734075 
TAUMAX:  1 

q0: [0.345651,  -0.473632,  -0.147625,  0.402147]

a: [[0.345551, 0.242745, 0.129166, 0.118869, 0.221948, 0.402005],
[-0.473732, -0.352770, -0.192740, -0.092802, -0.114670, -0.147677],
[-0.147525, -0.194611, -0.627447, -0.975200, -0.655746, -0.472085],
[0.402047, 0.607432, 1.049149, 0.827472, 0.527147, 0.346054]]

tau_time_coeff: [-0.01105531, 2.35008598, -2.37261884, 1.83925790, 0.00088108] 

tau_v1: 0.99999937 
T_v1: 0.73407546 

dtau_time_coeff: [13.58438120, -19.86565850, 16.45748190, -6.30767686, 1.89860890] 

dtau_tau_coeff: [-2.87769038, 4.63593953, 2.00793755, -3.44758727, 1.90230240] 

# Gains:
P: -400
D: -4
