Torso0: -0.129820

VHIP0: 0.000000
PHIP0: -0.191710
PHIPF: 0.172955

TMAX: 0.907830 
TAUMAX:  1 

q0: [0.415931,  -0.571722,  -0.176175,  0.456929]

a: [[0.416015, 0.376449, 0.099668, 0.050229, 0.277459, 0.458564],
[-0.571643, -0.447261, -0.175459, -0.186050, -0.188340, -0.176148],
[-0.176257, -0.182866, -0.143414, -0.770362, -0.751796, -0.570035],
[0.456844, 0.670237, 1.155518, 0.960013, 0.595615, 0.413926]]

tau_time_coeff: [0.28079612, 1.46476685, -2.27526106, 1.74532172, 0.00168478] 

tau_v1: 0.99999989 
T_v1: 0.90782967 

dtau_time_coeff: [8.51916556, -13.62479333, 12.64121221, -6.16761937, 1.81769734] 

dtau_tau_coeff: [-9.53781975, 18.76895623, -6.30272925, -2.50518062, 1.80775324] 

# Gains:
P: -400
D: -4
