Torso0: -0.024418

VHIP0: 0.000000
PHIP0: -0.176408
PHIPF: 0.180901

TMAX: 1.002016 
TAUMAX:  1 

q0: [0.224599,  -0.346519,  0.071517,  0.208043]

a: [[0.224691, 0.205839, 0.115560, 0.230986, 0.131918, 0.205786],
[-0.346566, -0.219241, 0.096309, -0.375078, -0.016219, 0.078785],
[0.071420, 0.147232, 0.237101, -0.763865, -0.470420, -0.336423],
[0.207948, 0.288974, 0.967740, 0.646131, 0.311893, 0.223590]]

tau_time_coeff: [0.24410491, 1.50857427, -2.60032259, 1.83714879, 0.00312117] 

tau_v1: 0.99999990 
T_v1: 1.00201592 

dtau_time_coeff: [5.54185549, -10.50807996, 12.27024205, -7.03901362, 1.93403438] 

dtau_tau_coeff: [-21.13240191, 40.59668501, -17.92730816, -1.27553494, 1.91589582] 

# Gains:
P: -400
D: -4
