Torso0: -0.142165

VHIP0: 0.000000
PHIP0: -0.191818
PHIPF: 0.167689

TMAX: 0.842522 
TAUMAX:  1 

q0: [0.397887,  -0.574545,  -0.192700,  0.453360]

a: [[0.397986, 0.328949, 0.090023, 0.083298, 0.267033, 0.453821],
[-0.574447, -0.464049, -0.168836, -0.162341, -0.171548, -0.192482],
[-0.192798, -0.237026, -0.127358, -0.893192, -0.762358, -0.571888],
[0.453261, 0.674804, 1.104535, 0.939315, 0.585090, 0.397062]]

tau_time_coeff: [0.38493758, 1.44632248, -2.20635454, 1.78693469, 0.00046449] 

tau_v1: 0.99999991 
T_v1: 0.84252211 

dtau_time_coeff: [2.59703979, -1.83791649, 5.51099891, -4.44027069, 1.76352768] 

dtau_tau_coeff: [-9.92977852, 20.26815052, -8.56498024, -1.37632386, 1.74911405] 

# Gains:
P: -400
D: -4
