Torso0: 0.001942

VHIP0: 0.000000
PHIP0: -0.152183
PHIPF: 0.141109

TMAX: 0.725074 
TAUMAX:  1 

q0: [0.458618,  -0.417507,  -0.090203,  0.474864]

a: [[0.458707, 0.542719, 0.033685, -0.023354, 0.373990, 0.476483],
[-0.417423, -0.428788, 0.003490, 0.051323, -0.078279, -0.091022],
[-0.090285, -0.110479, -0.168507, -0.420562, -0.419472, -0.416971],
[0.474920, 0.585099, 1.106578, 1.213025, 0.479612, 0.455536]]

tau_time_coeff: [1.03930262, 0.76442695, -1.85909143, 1.93035481, -0.00085764] 

tau_v1: 0.99999984 
T_v1: 0.72507443 

dtau_time_coeff: [-14.00131912, 26.30134525, -9.41031671, -1.40106324, 1.79766284] 

dtau_tau_coeff: [-9.33342457, 21.16067050, -12.17038298, 0.56615272, 1.77620181] 

# Gains:
P: -400
D: -4
