Torso0: -0.061926

VHIP0: 0.000000
PHIP0: -0.154725
PHIPF: 0.144226

TMAX: 0.705982 
TAUMAX:  1 

q0: [0.307717,  -0.403623,  -0.076065,  0.335173]

a: [[0.307626, 0.215875, 0.142599, 0.163034, 0.161718, 0.333989],
[-0.403713, -0.286866, -0.201001, -0.083421, -0.059986, -0.075953],
[-0.076158, -0.111145, -0.292864, -0.596546, -0.536714, -0.403286],
[0.335073, 0.531932, 0.953899, 0.800419, 0.485168, 0.308116]]

tau_time_coeff: [0.26446079, 2.04084234, -2.21911519, 1.87018110, 0.00079671] 

tau_v1: 0.99999985 
T_v1: 0.70598237 

dtau_time_coeff: [20.21356098, -27.43847307, 19.38716282, -6.67452466, 1.96127299] 

dtau_tau_coeff: [-1.36633727, 2.20450651, 3.02917954, -3.54847278, 1.96286814] 

# Gains:
P: -400
D: -4
