Torso0: -0.076619

VHIP0: 0.000000
PHIP0: -0.193783
PHIPF: 0.189494

TMAX: 0.975010 
TAUMAX:  1 

q0: [0.413662,  -0.519681,  -0.084941,  0.422050]

a: [[0.413761, 0.360047, 0.050386, 0.129572, 0.229015, 0.422269],
[-0.519780, -0.398371, -0.045986, -0.333769, -0.067673, -0.081532],
[-0.084842, -0.120874, -0.460374, -1.148168, -0.711609, -0.512340],
[0.421951, 0.651590, 1.219375, 0.863885, 0.603663, 0.413572]]

tau_time_coeff: [0.26376349, 1.36206627, -2.19304654, 1.62177430, 0.00185828] 

tau_v1: 1.00000003 
T_v1: 0.97500995 

dtau_time_coeff: [0.85344473, -1.69087235, 6.62802724, -5.18885719, 1.68341402] 

dtau_tau_coeff: [-16.42065393, 28.79820545, -9.56040644, -2.43656394, 1.69455702] 

# Gains:
P: -400
D: -4
