Torso0: -0.027738

VHIP0: 0.000000
PHIP0: -0.130484
PHIPF: 0.103486

TMAX: 0.642868 
TAUMAX:  1 

q0: [0.613507,  -0.505129,  -0.250087,  0.637784]

a: [[0.613604, 0.604091, 0.151536, 0.056759, 0.494567, 0.637970],
[-0.505043, -0.459591, -0.100000, -0.057758, -0.212489, -0.250205],
[-0.250184, -0.287742, -0.353754, -0.322929, -0.581698, -0.505721],
[0.637685, 0.789789, 1.159750, 1.133549, 0.795209, 0.614019]]

tau_time_coeff: [1.94766040, 0.36661436, -1.91217010, 2.11642450, -0.00095798] 

tau_v1: 0.99999975 
T_v1: 0.64286772 

dtau_time_coeff: [-16.20174290, 32.09280096, -10.76062058, -1.72235092, 2.01362128] 

dtau_tau_coeff: [-7.78306225, 18.98570434, -11.43230222, 0.47415516, 1.98932440] 

# Gains:
P: -400
D: -4
