Torso0: -0.109049

VHIP0: 0.000000
PHIP0: -0.181526
PHIPF: 0.151795

TMAX: 0.621484 
TAUMAX:  1 

q0: [0.508376,  -0.588703,  -0.232241,  0.555422]

a: [[0.508420, 0.505632, 0.048147, -0.018325, 0.410012, 0.555917],
[-0.588798, -0.565125, -0.306868, 0.090086, -0.187514, -0.233141],
[-0.232229, -0.292314, -0.947715, -0.806758, -0.676077, -0.588841],
[0.555324, 0.718297, 1.238001, 1.013197, 0.673355, 0.508666]]

tau_time_coeff: [-0.15609652, 1.38628989, -0.96726226, 1.70574663, 0.00164919] 

tau_v1: 0.99999979 
T_v1: 0.62148381 

dtau_time_coeff: [62.82364001, -75.75832649, 33.38106255, -6.01157099, 1.85608890] 

dtau_tau_coeff: [7.97118351, -15.60552739, 11.49348347, -3.50189976, 1.85442707] 

# Gains:
P: -400
D: -4
