Torso0: -0.061336

VHIP0: 0.000000
PHIP0: -0.169098
PHIPF: 0.164841

TMAX: 0.793850 
TAUMAX:  1 

q0: [0.295746,  -0.413095,  -0.038293,  0.309895]

a: [[0.295844, 0.201764, 0.142994, 0.183754, 0.142661, 0.308014],
[-0.412996, -0.289327, -0.196736, -0.095329, -0.035505, -0.037932],
[-0.038392, -0.064952, -0.119015, -0.578005, -0.550399, -0.412655],
[0.309796, 0.501463, 0.991278, 0.826655, 0.481011, 0.295639]]

tau_time_coeff: [0.28735317, 1.65088036, -2.14540395, 1.77635827, 0.00075945] 

tau_v1: 0.99999992 
T_v1: 0.79385008 

dtau_time_coeff: [11.38058314, -16.66618140, 14.13636991, -6.00295065, 1.85265998] 

dtau_tau_coeff: [-4.07613161, 7.76971576, -0.25302744, -3.11227770, 1.85181799] 

# Gains:
P: -400
D: -4
