Torso0: -0.007838

VHIP0: 0.000000
PHIP0: -0.150842
PHIPF: 0.149118

TMAX: 0.591967 
TAUMAX:  1 

q0: [0.570903,  -0.485772,  -0.142472,  0.571462]

a: [[0.570999, 0.581588, 0.077659, 0.022280, 0.424989, 0.571580],
[-0.485869, -0.463419, -0.242638, 0.119725, -0.099846, -0.143194],
[-0.142404, -0.195463, -0.600701, -0.331627, -0.532225, -0.486322],
[0.571362, 0.732879, 1.216567, 1.045824, 0.749454, 0.571354]]

tau_time_coeff: [-0.35998974, 1.57993206, -0.94810932, 1.76510480, 0.00146123] 

tau_v1: 0.99999981 
T_v1: 0.59196671 

dtau_time_coeff: [80.88779595, -94.54221869, 39.77941063, -6.67009918, 1.93829204] 

dtau_tau_coeff: [8.86341955, -17.64174564, 12.86857194, -3.76571478, 1.93681103] 

# Gains:
P: -400
D: -4
