Torso0: -0.100691

VHIP0: 0.000000
PHIP0: -0.175123
PHIPF: 0.155011

TMAX: 0.692922 
TAUMAX:  1 

q0: [0.333525,  -0.479546,  -0.128219,  0.383149]

a: [[0.333425, 0.229511, 0.147726, 0.120130, 0.205004, 0.382959],
[-0.479646, -0.363076, -0.229681, -0.042546, -0.093590, -0.128524],
[-0.128119, -0.180290, -0.598338, -0.961815, -0.659911, -0.478316],
[0.383055, 0.587721, 1.005991, 0.818599, 0.513596, 0.333996]]

tau_time_coeff: [0.05062751, 2.16892836, -2.09366911, 1.83263453, 0.00089437] 

tau_v1: 0.99999967 
T_v1: 0.69292240 

dtau_time_coeff: [20.77974737, -28.06382301, 19.04618307, -6.15672952, 1.90631647] 

dtau_tau_coeff: [-0.14888690, -0.30239606, 4.21380535, -3.42804374, 1.90826223] 

# Gains:
P: -400
D: -4
