Torso0: -0.000276

VHIP0: 0.000000
PHIP0: -0.141698
PHIPF: 0.138753

TMAX: 0.668589 
TAUMAX:  1 

q0: [0.450202,  -0.403218,  -0.083788,  0.453620]

a: [[0.450301, 0.408066, 0.075517, 0.033176, 0.311387, 0.453853],
[-0.403119, -0.336724, -0.078750, 0.078103, -0.058790, -0.084389],
[-0.083887, -0.119671, -0.217301, -0.259695, -0.478931, -0.403945],
[0.453520, 0.607895, 1.050280, 0.993554, 0.635279, 0.450118]]

tau_time_coeff: [1.54842923, 0.14513200, -1.41592032, 1.91276962, 0.00014283] 

tau_v1: 0.99999981 
T_v1: 0.66858924 

dtau_time_coeff: [15.33919854, -12.72827563, 7.95697781, -3.85108618, 1.93340518] 

dtau_tau_coeff: [-1.13520192, 4.61188588, -1.71275248, -1.49594418, 1.92276206] 

# Gains:
P: -400
D: -4
