Torso0: -0.052910

VHIP0: 0.000000
PHIP0: -0.127285
PHIPF: 0.110446

TMAX: 0.450200 
TAUMAX:  1 

q0: [0.518683,  -0.475950,  -0.213687,  0.537146]

a: [[0.518696, 0.505073, 0.165045, 0.078242, 0.400689, 0.536789],
[-0.476044, -0.419979, -0.179871, 0.092198, -0.187000, -0.213926],
[-0.213767, -0.238864, -0.286294, -0.306601, -0.554673, -0.475947],
[0.537047, 0.680456, 0.891421, 0.979389, 0.663264, 0.519223]]

tau_time_coeff: [19.33906407, -14.43586385, 2.13929020, 2.41501404, 0.00085829] 

tau_v1: 0.99999980 
T_v1: 0.45019997 

dtau_time_coeff: [189.57448962, -89.95488398, 5.14517048, -0.77735190, 2.55325739] 

dtau_tau_coeff: [8.94686412, -10.21306809, 1.86538880, -0.29806060, 2.54817391] 

# Gains:
P: -400
D: -4
