Torso0: -0.113295

VHIP0: 0.000000
PHIP0: -0.189921
PHIPF: 0.175234

TMAX: 0.749527 
TAUMAX:  1 

q0: [0.335019,  -0.509896,  -0.114296,  0.376854]

a: [[0.334920, 0.233113, 0.140514, 0.132864, 0.192286, 0.376447],
[-0.509996, -0.394462, -0.206899, -0.064200, -0.081214, -0.114411],
[-0.114196, -0.173031, -0.380288, -0.902347, -0.696557, -0.508515],
[0.376756, 0.593973, 0.934034, 0.863718, 0.521889, 0.334705]]

tau_time_coeff: [0.35909151, 1.56250095, -1.96700046, 1.77735994, 0.00056025] 

tau_v1: 0.99999986 
T_v1: 0.74952738 

dtau_time_coeff: [8.26290547, -10.09733772, 9.85717472, -4.71708273, 1.79671906] 

dtau_tau_coeff: [-3.75794800, 7.60467723, -1.14154795, -2.33852824, 1.79299697] 

# Gains:
P: -400
D: -4
