Torso0: -0.049103

VHIP0: 0.000000
PHIP0: -0.136291
PHIPF: 0.119119

TMAX: 0.577212 
TAUMAX:  1 

q0: [0.533602,  -0.490433,  -0.208237,  0.553022]

a: [[0.533701, 0.523852, 0.133633, 0.005435, 0.390096, 0.553342],
[-0.490334, -0.433092, -0.226888, 0.092830, -0.171984, -0.209242],
[-0.208337, -0.246961, -0.380120, -0.286311, -0.574518, -0.491616],
[0.552922, 0.729566, 1.050765, 1.056283, 0.701163, 0.533777]]

tau_time_coeff: [3.69252855, -2.35294130, -0.24255885, 1.93968159, 0.00147804] 

tau_v1: 0.99999967 
T_v1: 0.57721249 

dtau_time_coeff: [96.06265137, -93.19418949, 32.86526781, -5.88291464, 2.13332354] 

dtau_tau_coeff: [8.46645466, -13.50689192, 8.21776272, -2.85765907, 2.12857213] 

# Gains:
P: -400
D: -4
