Torso0: -0.066183

VHIP0: 0.000000
PHIP0: -0.150163
PHIPF: 0.112007

TMAX: 0.573846 
TAUMAX:  1 

q0: [0.481281,  -0.495433,  -0.222164,  0.531471]

a: [[0.481367, 0.456136, 0.057156, -0.018529, 0.426205, 0.531091],
[-0.495345, -0.472784, -0.192990, -0.018292, -0.180596, -0.221899],
[-0.222247, -0.270479, -0.737177, -1.033369, -0.556642, -0.495441],
[0.531391, 0.642900, 1.132625, 0.951224, 0.619383, 0.482318]]

tau_time_coeff: [-1.77727270, 4.03292904, -2.12625766, 1.96970536, 0.00026903] 

tau_v1: 0.99999971 
T_v1: 0.57384562 

dtau_time_coeff: [-4.83674304, 0.11569401, 8.81652161, -3.78035276, 1.96427265] 

dtau_tau_coeff: [-1.55879857, 1.59785506, 2.28880984, -2.10373767, 1.96786829] 

# Gains:
P: -400
D: -4
