Torso0: -0.106791

VHIP0: 0.000000
PHIP0: -0.192862
PHIPF: 0.180404

TMAX: 0.826866 
TAUMAX:  1 

q0: [0.321680,  -0.499630,  -0.092730,  0.359847]

a: [[0.321593, 0.215471, 0.144871, 0.151664, 0.171883, 0.359068],
[-0.499727, -0.373021, -0.178751, -0.104490, -0.068480, -0.092419],
[-0.092652, -0.145034, -0.303044, -0.928169, -0.689824, -0.496927],
[0.359765, 0.582677, 0.943151, 0.834630, 0.511291, 0.320990]]

tau_time_coeff: [0.27848149, 1.53157405, -2.09084997, 1.73160482, 0.00066138] 

tau_v1: 0.99999989 
T_v1: 0.82686627 

dtau_time_coeff: [5.19056106, -7.01533033, 8.68412118, -4.87509918, 1.75125702] 

dtau_tau_coeff: [-6.63386421, 12.91353153, -3.60341843, -2.30493873, 1.74695213] 

# Gains:
P: -400
D: -4
