Torso0: -0.125687

VHIP0: 0.000000
PHIP0: -0.181034
PHIPF: 0.160045

TMAX: 0.800952 
TAUMAX:  1 

q0: [0.376837,  -0.534463,  -0.169633,  0.424841]

a: [[0.376937, 0.313017, 0.105412, 0.091719, 0.247860, 0.424674],
[-0.534364, -0.412833, -0.245324, -0.090261, -0.168665, -0.170673],
[-0.169733, -0.189222, -0.226060, -0.643558, -0.702024, -0.535058],
[0.424742, 0.631557, 1.083476, 0.925558, 0.555708, 0.375686]]

tau_time_coeff: [0.42416022, 1.41567627, -2.07304997, 1.77880616, 0.00120964] 

tau_v1: 0.99999984 
T_v1: 0.80095250 

dtau_time_coeff: [17.07667403, -24.48719152, 17.30426858, -6.45855368, 1.87485982] 

dtau_tau_coeff: [-2.49543858, 5.56617334, 0.54734783, -3.22380360, 1.86898572] 

# Gains:
P: -400
D: -4
