Torso0: -0.119422

VHIP0: 0.000000
PHIP0: -0.060007
PHIPF: 0.060034

TMAX: 0.300114 
TAUMAX:  1 

q0: [0.458001,  -0.436441,  -0.527204,  0.716094]

a: [[-0.579022, -8.325305, -9.188263, 9.662279, 5.640969, -1.426711],
[0.464841, 7.211219, 4.386815, -4.114793, -6.126274, 2.307540],
[0.606157, 9.211943, 9.909146, -9.425886, -6.706311, 2.630889],
[-0.636747, -9.976542, 6.465690, -7.307753, 9.949979, -5.192823]]

tau_time_coeff: [-321.98567515, 131.78499363, 9.24823310, -2.78465700, 0.02138952] 

tau_v1: 1.00763951 
T_v1: 0.30011388 

dtau_time_coeff: [-3661.55541452, 2039.23169532, -339.12309201, 20.74701065, -0.28859087] 

dtau_tau_coeff: [6.34800227, -23.05295554, 20.23153434, -2.76373817, -0.15812767] 

# Gains:
P: -400
D: -4
