Torso0: 0.015265

VHIP0: 0.000000
PHIP0: -0.060003
PHIPF: 0.060010

TMAX: 0.300129 
TAUMAX:  1 

q0: [1.246332,  -0.719594,  -0.493512,  1.238941]

a: [[1.251837, -1.425202, 7.056976, -3.899149, 3.617253, 3.198248],
[-0.737541, 1.851611, -6.113786, 3.650559, -2.501825, -2.145972],
[-0.504573, 2.410560, -6.627373, 3.119998, -2.367213, -2.104813],
[1.251365, -3.013884, 9.987511, -2.669105, 1.841218, 1.864219]]

tau_time_coeff: [-262.95621648, 129.30364254, -8.30487054, 0.75304189, 0.06321810] 

tau_v1: 1.00532245 
T_v1: 0.30012900 

dtau_time_coeff: [-214.72246646, -43.47770915, -2.23698461, 17.17214176, -0.11748164] 

dtau_tau_coeff: [-72.91977862, 116.38918011, -51.33762148, 9.45798038, 0.52361228] 

# Gains:
P: -400
D: -4
