Torso0: -0.102245

VHIP0: 0.000000
PHIP0: -0.175403
PHIPF: 0.129906

TMAX: 0.923541 
TAUMAX:  1 

q0: [0.623099,  -0.636209,  -0.314052,  0.677036]

a: [[0.623527, 0.698987, 0.677556, -0.179778, 0.534861, 0.682516],
[-0.635698, -0.555094, -0.437033, -0.132868, -0.351874, -0.317663],
[-0.314215, -0.263079, -1.078762, -0.038939, -0.753462, -0.654800],
[0.676905, 0.820398, 1.629210, 0.409552, 0.694257, 0.633208]]

tau_time_coeff: [0.15449446, 1.52169591, -2.22907052, 1.71199612, 0.00077053] 

tau_v1: 0.99362079 
T_v1: 0.92354082 

dtau_time_coeff: [18.16495822, -31.92285320, 23.67645687, -8.56107027, 1.94869646] 

dtau_tau_coeff: [-1.29075875, 2.46967142, 4.23677225, -5.00811943, 1.95133506] 

# Gains:
P: -400
D: -4
