Torso0: -0.120539

VHIP0: 0.000000
PHIP0: -0.203885
PHIPF: 0.189503

TMAX: 0.904604 
TAUMAX:  1 

q0: [0.442897,  -0.590800,  -0.156347,  0.473486]

a: [[0.442994, 0.395584, 0.041642, 0.089877, 0.278707, 0.474397],
[-0.590897, -0.497143, -0.061137, -0.202773, -0.119053, -0.155240],
[-0.156435, -0.220056, -0.306293, -1.119901, -0.787245, -0.585249],
[0.473394, 0.710688, 1.165198, 0.874385, 0.636688, 0.442371]]

tau_time_coeff: [0.24563245, 1.47473693, -2.19621394, 1.70265120, 0.00025837] 

tau_v1: 0.99999993 
T_v1: 0.90460412 

dtau_time_coeff: [-1.75208553, 4.46623213, 2.04907664, -3.76247233, 1.64906395] 

dtau_tau_coeff: [-13.68430879, 26.37785328, -11.23562598, -1.05784663, 1.63923024] 

# Gains:
P: -400
D: -4
