Torso0: -0.036645

VHIP0: 0.000000
PHIP0: -0.156023
PHIPF: 0.125820

TMAX: 0.578753 
TAUMAX:  1 

q0: [0.514545,  -0.490388,  -0.189115,  0.554542]

a: [[0.514645, 0.507022, 0.076970, -0.028289, 0.467424, 0.554581],
[-0.490289, -0.472269, -0.172472, 0.029797, -0.162681, -0.189088],
[-0.189215, -0.221222, -0.705223, -0.982911, -0.540033, -0.489918],
[0.554443, 0.645305, 1.180109, 0.997263, 0.646947, 0.515118]]

tau_time_coeff: [-1.23540362, 3.49282177, -2.03870948, 1.97636124, 0.00033348] 

tau_v1: 0.99999977 
T_v1: 0.57875322 

dtau_time_coeff: [1.99436491, -5.27168899, 9.86628442, -3.93880071, 1.98007494] 

dtau_tau_coeff: [-1.22297035, 1.42384554, 2.12742647, -2.10598444, 1.98236933] 

# Gains:
P: -400
D: -4
