Torso0: -0.020693

VHIP0: 0.000000
PHIP0: -0.143956
PHIPF: 0.142410

TMAX: 0.690085 
TAUMAX:  1 

q0: [0.235033,  -0.311202,  0.012366,  0.243389]

a: [[0.235118, 0.161245, 0.150056, 0.224509, 0.110642, 0.242019],
[-0.311107, -0.213104, -0.161913, -0.097158, 0.014174, 0.012663],
[0.012271, -0.005256, -0.151908, -0.466079, -0.409052, -0.311045],
[0.243291, 0.388937, 0.907764, 0.714890, 0.368608, 0.235280]]

tau_time_coeff: [0.07670639, 2.40539295, -2.37794802, 1.91806237, 0.00053658] 

tau_v1: 0.99999986 
T_v1: 0.69008481 

dtau_time_coeff: [11.99130235, -17.04895936, 15.60599997, -6.23490133, 1.97883389] 

dtau_tau_coeff: [-3.07613045, 5.12013961, 1.44242206, -3.24834337, 1.98230907] 

# Gains:
P: -400
D: -4
