Torso0: -0.143211

VHIP0: 0.000000
PHIP0: -0.166450
PHIPF: 0.125999

TMAX: 0.546185 
TAUMAX:  1 

q0: [0.586922,  -0.647585,  -0.338570,  0.635158]

a: [[0.587021, 0.593766, 0.195089, 0.088271, 0.490420, 0.635696],
[-0.647684, -0.590093, -0.286182, 0.007265, -0.317842, -0.339701],
[-0.338478, -0.356499, -0.384718, -0.481353, -0.765470, -0.648521],
[0.635058, 0.791643, 1.071370, 1.105685, 0.746266, 0.586976]]

tau_time_coeff: [7.71776415, -5.40987853, -0.03841931, 2.20608625, 0.00003728] 

tau_v1: 0.99999967 
T_v1: 0.54618509 

dtau_time_coeff: [59.18045446, -27.45968930, 1.87568232, -1.89118940, 2.23041238] 

dtau_tau_coeff: [3.89225022, -1.17983872, -2.06566096, -0.27953274, 2.21379581] 

# Gains:
P: -400
D: -4
