Torso0: -0.024167

VHIP0: 0.000000
PHIP0: -0.156841
PHIPF: 0.128672

TMAX: 0.630931 
TAUMAX:  1 

q0: [0.431810,  -0.434620,  -0.131910,  0.476977]

a: [[0.431909, 0.420705, 0.069555, -0.023159, 0.411948, 0.476793],
[-0.434521, -0.416045, -0.159939, 0.032189, -0.117644, -0.131890],
[-0.132008, -0.153059, -0.659655, -1.092505, -0.475621, -0.434289],
[0.476878, 0.543478, 1.052239, 0.986683, 0.540113, 0.432559]]

tau_time_coeff: [-1.31904529, 3.72331319, -2.30514997, 1.88794938, 0.00026726] 

tau_v1: 1.00000019 
T_v1: 0.63093142 

dtau_time_coeff: [-6.27799699, 2.40296037, 8.27596112, -4.28118389, 1.88916609] 

dtau_tau_coeff: [-2.82545694, 3.55823819, 1.98069428, -2.52531086, 1.89524357] 

# Gains:
P: -400
D: -4
