Torso0: -0.060789

VHIP0: 0.000000
PHIP0: -0.167542
PHIPF: 0.160920

TMAX: 0.798510 
TAUMAX:  1 

q0: [0.411364,  -0.472570,  -0.103106,  0.424047]

a: [[0.411463, 0.371984, 0.092043, 0.080610, 0.246764, 0.424114],
[-0.472470, -0.374301, -0.149918, -0.038499, -0.093838, -0.103875],
[-0.103206, -0.131405, -0.185891, -0.436179, -0.594065, -0.473715],
[0.423947, 0.628714, 1.065323, 0.978716, 0.595530, 0.410077]]

tau_time_coeff: [0.50132868, 1.27067908, -2.00593217, 1.78551200, 0.00074394] 

tau_v1: 0.99999993 
T_v1: 0.79850966 

dtau_time_coeff: [12.66307841, -17.20118686, 13.27019137, -5.65296142, 1.84808514] 

dtau_tau_coeff: [-3.86706892, 8.55536150, -1.74101782, -2.58814421, 1.83904868] 

# Gains:
P: -400
D: -4
