Torso0: -0.008888

VHIP0: 0.000000
PHIP0: -0.169691
PHIPF: 0.180703

TMAX: 0.929204 
TAUMAX:  1 

q0: [0.359651,  -0.395487,  0.021422,  0.330942]

a: [[0.359751, 0.311031, 0.085125, 0.160869, 0.183617, 0.329838],
[-0.395387, -0.268628, -0.040515, -0.217327, -0.012073, 0.024095],
[0.021322, 0.036130, -0.013818, -0.649824, -0.520131, -0.391523],
[0.330842, 0.497370, 1.082281, 0.870839, 0.543542, 0.359011]]

tau_time_coeff: [0.27107196, 1.52433766, -2.36553762, 1.73664677, 0.00192679] 

tau_v1: 0.99999995 
T_v1: 0.92920376 

dtau_time_coeff: [5.95678525, -10.66250581, 12.21702222, -6.53539193, 1.84267209] 

dtau_tau_coeff: [-12.98638402, 23.67057523, -7.49889110, -2.85436259, 1.84540052] 

# Gains:
P: -400
D: -4
