Torso0: -0.036385

VHIP0: 0.000000
PHIP0: -0.153133
PHIPF: 0.132225

TMAX: 0.592148 
TAUMAX:  1 

q0: [0.442646,  -0.448385,  -0.139431,  0.475621]

a: [[0.442726, 0.418639, 0.066141, 0.013847, 0.355570, 0.475457],
[-0.448313, -0.422291, -0.156865, 0.009035, -0.098056, -0.139321],
[-0.139503, -0.193206, -0.703830, -0.947458, -0.503602, -0.448346],
[0.475534, 0.605951, 1.153828, 0.898403, 0.587414, 0.443620]]

tau_time_coeff: [-1.51046347, 3.80581173, -2.11044392, 1.91642703, 0.00028548] 

tau_v1: 0.99999981 
T_v1: 0.59214823 

dtau_time_coeff: [-3.88561494, -0.51718766, 8.99065158, -3.88552937, 1.91611174] 

dtau_tau_coeff: [-1.67318056, 1.66657441, 2.50723002, -2.24256853, 1.92046581] 

# Gains:
P: -400
D: -4
