Torso0: -0.101191

VHIP0: 0.000000
PHIP0: -0.157375
PHIPF: 0.116413

TMAX: 0.570397 
TAUMAX:  1 

q0: [0.491073,  -0.543936,  -0.259878,  0.546015]

a: [[0.491173, 0.468941, 0.061691, 0.051523, 0.412942, 0.545571],
[-0.543836, -0.519071, -0.237789, -0.092190, -0.207996, -0.259739],
[-0.259978, -0.322009, -0.815651, -1.015351, -0.621871, -0.543968],
[0.545915, 0.691656, 1.181608, 0.925936, 0.638691, 0.492023]]

tau_time_coeff: [-1.94873436, 4.29058430, -2.19156247, 1.96778442, 0.00011472] 

tau_v1: 0.99999953 
T_v1: 0.57039738 

dtau_time_coeff: [-1.74676106, -3.55334170, 10.28812552, -3.88470837, 1.95338848] 

dtau_tau_coeff: [-1.11982138, 0.64493860, 2.95158582, -2.19621521, 1.95720359] 

# Gains:
P: -400
D: -4
