Torso0: -0.119116

VHIP0: 0.000000
PHIP0: -0.189515
PHIPF: 0.175790

TMAX: 0.877399 
TAUMAX:  1 

q0: [0.363775,  -0.530624,  -0.132032,  0.400359]

a: [[0.363873, 0.303718, 0.110061, 0.111610, 0.222136, 0.399925],
[-0.530526, -0.397307, -0.211581, -0.144551, -0.146398, -0.132279],
[-0.132129, -0.139885, -0.148810, -0.690130, -0.705126, -0.530208],
[0.400261, 0.611463, 1.101301, 0.914409, 0.543510, 0.362026]]

tau_time_coeff: [0.31023300, 1.42367820, -2.16550180, 1.72991816, 0.00157538] 

tau_v1: 0.99999990 
T_v1: 0.87739911 

dtau_time_coeff: [11.71397371, -18.64819900, 15.27608592, -6.50199435, 1.83207145] 

dtau_tau_coeff: [-5.95607673, 11.74397235, -2.22706707, -3.14662226, 1.82688624] 

# Gains:
P: -400
D: -4
