Torso0: -0.083302

VHIP0: 0.000000
PHIP0: -0.167213
PHIPF: 0.156502

TMAX: 0.725168 
TAUMAX:  1 

q0: [0.358891,  -0.466656,  -0.109421,  0.384264]

a: [[0.358986, 0.290544, 0.115255, 0.123176, 0.204827, 0.383167],
[-0.466560, -0.366072, -0.246994, -0.020150, -0.087760, -0.110085],
[-0.109518, -0.153040, -0.238965, -0.463117, -0.594917, -0.467917],
[0.384167, 0.591423, 1.010878, 0.901279, 0.541219, 0.358735]]

tau_time_coeff: [0.60728363, 1.11759880, -1.67095330, 1.76827948, 0.00084401] 

tau_v1: 0.99999987 
T_v1: 0.72516753 

dtau_time_coeff: [24.23428284, -31.64758071, 19.05154895, -5.94751194, 1.87377793] 

dtau_tau_coeff: [1.20328224, -1.64198894, 4.02574931, -3.23189351, 1.87070220] 

# Gains:
P: -400
D: -4
