Torso0: -0.107225

VHIP0: 0.000000
PHIP0: -0.180155
PHIPF: 0.156596

TMAX: 0.876746 
TAUMAX:  1 

q0: [0.447463,  -0.552747,  -0.189574,  0.490047]

a: [[0.447562, 0.391863, 0.048782, 0.071153, 0.300595, 0.490595],
[-0.552845, -0.445086, -0.101772, -0.261389, -0.158934, -0.188317],
[-0.189506, -0.233416, -0.401714, -1.038084, -0.743611, -0.548906],
[0.489948, 0.711344, 1.198840, 0.916445, 0.635841, 0.447605]]

tau_time_coeff: [0.18361603, 1.84480240, -2.46688252, 1.75979970, 0.00089076] 

tau_v1: 0.99999985 
T_v1: 0.87674628 

dtau_time_coeff: [-0.49298383, 1.17506243, 5.52448634, -4.97231052, 1.75821864] 

dtau_tau_coeff: [-14.05869843, 25.78757809, -9.40214330, -1.97121218, 1.75874636] 

# Gains:
P: -400
D: -4
