Torso0: -0.145606

VHIP0: 0.000000
PHIP0: -0.170838
PHIPF: 0.146779

TMAX: 0.513211 
TAUMAX:  1 

q0: [0.529556,  -0.624341,  -0.279499,  0.564494]

a: [[0.529522, 0.519839, 0.149824, 0.167518, 0.410199, 0.564018],
[-0.624439, -0.560287, -0.281555, -0.156095, -0.248134, -0.279278],
[-0.279403, -0.314847, -0.677701, -0.691058, -0.776061, -0.625192],
[0.564397, 0.737852, 1.024478, 0.931911, 0.684518, 0.530646]]

tau_time_coeff: [1.09940934, 1.99123696, -1.85466831, 2.22530367, 0.00039131] 

tau_v1: 0.99999985 
T_v1: 0.51321067 

dtau_time_coeff: [47.33803634, -39.23254083, 18.53592799, -4.85774773, 2.23836417] 

dtau_tau_coeff: [0.89757603, -0.88832875, 2.44132476, -2.07231005, 2.23576883] 

# Gains:
P: -400
D: -4
