Torso0: -0.068331

VHIP0: 0.000000
PHIP0: -0.196280
PHIPF: 0.179358

TMAX: 0.647044 
TAUMAX:  1 

q0: [0.644630,  -0.637717,  -0.219752,  0.667290]

a: [[0.644728, 0.688310, 0.188582, 0.010935, 0.552140, 0.668719],
[-0.637815, -0.629960, -0.164745, 0.115087, -0.200035, -0.220900],
[-0.219667, -0.248204, -0.281154, -0.580972, -0.702978, -0.637473],
[0.667193, 0.792286, 1.279727, 1.181289, 0.828796, 0.644774]]

tau_time_coeff: [3.23762834, -1.86258619, -0.74398787, 1.93083704, -0.00095445] 

tau_v1: 0.99999999 
T_v1: 0.64704425 

dtau_time_coeff: [-8.46597529, 26.74780310, -12.94387148, -0.01859675, 1.84577251] 

dtau_tau_coeff: [-4.46241622, 13.51308035, -9.66502484, 0.98662332, 1.82530854] 

# Gains:
P: -400
D: -4
