Torso0: -0.116759

VHIP0: 0.000000
PHIP0: -0.201165
PHIPF: 0.186509

TMAX: 0.927882 
TAUMAX:  1 

q0: [0.457190,  -0.591544,  -0.162817,  0.486249]

a: [[0.457290, 0.415180, 0.055978, 0.057952, 0.290708, 0.487703],
[-0.591644, -0.497719, -0.114989, -0.251150, -0.124627, -0.161462],
[-0.162721, -0.223871, -0.427140, -1.120572, -0.788079, -0.586140],
[0.486153, 0.723898, 1.242682, 0.814679, 0.651607, 0.457792]]

tau_time_coeff: [0.21535316, 1.47902431, -2.16779185, 1.64263232, 0.00071699] 

tau_v1: 0.99999978 
T_v1: 0.92788248 

dtau_time_coeff: [-1.37264110, 2.92979869, 3.47644674, -4.18570428, 1.63238101] 

dtau_tau_coeff: [-14.05012638, 25.53914842, -9.28599886, -1.80557997, 1.63495723] 

# Gains:
P: -400
D: -4
