Torso0: -0.134001

VHIP0: 0.000000
PHIP0: -0.194320
PHIPF: 0.173413

TMAX: 0.855947 
TAUMAX:  1 

q0: [0.412043,  -0.576814,  -0.180296,  0.457690]

a: [[0.412142, 0.355989, 0.084148, 0.074899, 0.272084, 0.458337],
[-0.576733, -0.466554, -0.193122, -0.144004, -0.164764, -0.180386],
[-0.180393, -0.218012, -0.259618, -0.899481, -0.763445, -0.574376],
[0.457591, 0.678716, 1.146922, 0.947551, 0.598390, 0.411222]]

tau_time_coeff: [0.28203841, 1.50762271, -2.15808199, 1.73143851, 0.00079856] 

tau_v1: 0.99999991 
T_v1: 0.85594708 

dtau_time_coeff: [5.61816491, -7.83131946, 9.11096768, -5.12025858, 1.75728787] 

dtau_tau_coeff: [-8.00757050, 15.69498109, -5.03399453, -2.24899058, 1.75042693] 

# Gains:
P: -400
D: -4
