Torso0: -0.093926

VHIP0: 0.000000
PHIP0: -0.165556
PHIPF: 0.139654

TMAX: 0.732317 
TAUMAX:  1 

q0: [0.338841,  -0.464666,  -0.146215,  0.396567]

a: [[0.338742, 0.235326, 0.133679, 0.121244, 0.218389, 0.396407],
[-0.464766, -0.340477, -0.193678, -0.099259, -0.117801, -0.146263],
[-0.146115, -0.187924, -0.642401, -0.974376, -0.644849, -0.463069],
[0.396469, 0.598902, 1.045626, 0.814058, 0.518299, 0.339285]]

tau_time_coeff: [-0.04167638, 2.45548296, -2.44293184, 1.85109854, 0.00100765] 

tau_v1: 0.99999979 
T_v1: 0.73231685 

dtau_time_coeff: [15.47517036, -22.86735881, 18.23283380, -6.72257905, 1.92457198] 

dtau_tau_coeff: [-2.66472466, 4.02705348, 2.65710064, -3.70243224, 1.92961949] 

# Gains:
P: -400
D: -4
