Torso0: -0.083279

VHIP0: 0.000000
PHIP0: -0.212770
PHIPF: 0.169393

TMAX: 1.111608 
TAUMAX:  1 

q0: [0.463756,  -0.574863,  -0.192623,  0.557783]

a: [[0.463563, 0.679413, 0.874092, -0.583735, 0.538804, 0.593225],
[-0.575076, -0.548970, -0.382563, -0.036359, -0.318908, -0.203330],
[-0.192578, -0.053490, -1.324892, 0.221084, -0.626995, -0.607358],
[0.557684, 0.573668, 1.761738, -0.167251, 0.328682, 0.489140]]

tau_time_coeff: [0.22512229, 0.80729838, -1.79766632, 1.57169875, 0.00455643] 

tau_v1: 0.98895677 
T_v1: 1.11160792 

dtau_time_coeff: [7.91348318, -16.85545993, 15.72492225, -7.30539301, 1.85268881] 

dtau_tau_coeff: [-10.30663472, 20.17015867, -6.31167830, -3.25907588, 1.84856409] 

# Gains:
P: -400
D: -4
