Torso0: -0.144590

VHIP0: 0.000000
PHIP0: -0.157505
PHIPF: 0.115482

TMAX: 0.613642 
TAUMAX:  1 

q0: [0.540039,  -0.613657,  -0.328154,  0.590925]

a: [[0.540137, 0.518389, 0.133244, 0.037390, 0.423135, 0.591533],
[-0.613559, -0.535019, -0.337812, -0.027885, -0.294425, -0.329596],
[-0.328252, -0.359064, -0.483542, -0.446264, -0.764352, -0.616367],
[0.590825, 0.774550, 1.112900, 1.070602, 0.707570, 0.540033]]

tau_time_coeff: [2.37777674, -0.72222726, -0.97838170, 1.94676230, 0.00135101] 

tau_v1: 0.99999977 
T_v1: 0.61364188 

dtau_time_coeff: [77.49733005, -82.25702778, 33.38247847, -6.91893809, 2.11854193] 

dtau_tau_coeff: [7.47834287, -11.98016937, 8.23615664, -3.39946190, 2.11279727] 

# Gains:
P: -400
D: -4
