Torso0: -0.093418

VHIP0: 0.000000
PHIP0: -0.168307
PHIPF: 0.135888

TMAX: 0.564152 
TAUMAX:  1 

q0: [0.618591,  -0.616847,  -0.288870,  0.656521]

a: [[0.618690, 0.627083, 0.150142, 0.066562, 0.527223, 0.656578],
[-0.616947, -0.597236, -0.330933, 0.058580, -0.247347, -0.289439],
[-0.288771, -0.333900, -0.644838, -0.432979, -0.691693, -0.617463],
[0.656421, 0.794876, 1.265007, 1.114326, 0.794376, 0.619304]]

tau_time_coeff: [4.29379473, -3.72213101, 0.66896084, 1.80301047, 0.00140494] 

tau_v1: 0.99999977 
T_v1: 0.56415207 

dtau_time_coeff: [98.65682879, -94.16972872, 30.16019929, -4.19608811, 1.98663656] 

dtau_tau_coeff: [9.00630875, -14.98021791, 8.46567056, -2.16022664, 1.98375131] 

# Gains:
P: -400
D: -4
