Torso0: 0.031073

VHIP0: 0.000000
PHIP0: -0.137624
PHIPF: 0.142507

TMAX: 0.602382 
TAUMAX:  1 

q0: [0.523621,  -0.406448,  -0.081080,  0.515244]

a: [[0.523718, 0.513208, 0.094190, -0.069530, 0.381782, 0.515506],
[-0.406543, -0.372102, -0.161869, 0.169978, -0.046031, -0.081717],
[-0.081173, -0.124913, -0.378512, -0.313520, -0.449175, -0.406585],
[0.515145, 0.657870, 1.161960, 1.008442, 0.699451, 0.524090]]

tau_time_coeff: [0.29386495, 1.22173550, -1.13563907, 1.83214862, 0.00094004] 

tau_v1: 0.99999985 
T_v1: 0.60238186 

dtau_time_coeff: [51.16883499, -59.02950844, 26.97709231, -5.57961749, 1.95993393] 

dtau_tau_coeff: [5.00506972, -9.68243838, 8.01063404, -3.06192964, 1.95897752] 

# Gains:
P: -400
D: -4
