Torso0: -0.149811

VHIP0: 0.000000
PHIP0: -0.193160
PHIPF: 0.163716

TMAX: 0.810979 
TAUMAX:  1 

q0: [0.467728,  -0.621060,  -0.241454,  0.521948]

a: [[0.467815, 0.425608, 0.050044, 0.027975, 0.333724, 0.523236],
[-0.621049, -0.533444, -0.164624, -0.115172, -0.204323, -0.241910],
[-0.241536, -0.297134, -0.264754, -0.954034, -0.810241, -0.618996],
[0.521859, 0.745601, 1.152110, 1.010483, 0.655978, 0.466677]]

tau_time_coeff: [0.39504335, 1.47927991, -2.16183809, 1.80149350, 0.00004536] 

tau_v1: 0.99999989 
T_v1: 0.81097917 

dtau_time_coeff: [1.07651230, 1.35318731, 3.52917893, -3.86585957, 1.74924158] 

dtau_tau_coeff: [-8.89888569, 18.58302083, -8.15881134, -1.13187407, 1.73430713] 

# Gains:
P: -400
D: -4
