Torso0: -0.087613

VHIP0: 0.000000
PHIP0: -0.169254
PHIPF: 0.156857

TMAX: 0.768678 
TAUMAX:  1 

q0: [0.353722,  -0.470542,  -0.113234,  0.383745]

a: [[0.353819, 0.282718, 0.127041, 0.117096, 0.204886, 0.383150],
[-0.470444, -0.357209, -0.232853, -0.064820, -0.101787, -0.113744],
[-0.113332, -0.145443, -0.209499, -0.563792, -0.612390, -0.470647],
[0.383647, 0.590648, 1.032573, 0.891859, 0.534948, 0.353038]]

tau_time_coeff: [0.41329002, 1.46946978, -1.99766934, 1.77708983, 0.00092533] 

tau_v1: 0.99999985 
T_v1: 0.76867755 

dtau_time_coeff: [17.29845254, -24.18826124, 17.08041950, -6.24310214, 1.87565615] 

dtau_tau_coeff: [-1.73104566, 3.67526730, 1.69543840, -3.27985566, 1.87282683] 

# Gains:
P: -400
D: -4
