Torso0: -0.129532

VHIP0: 0.000000
PHIP0: -0.203092
PHIPF: 0.184323

TMAX: 0.890913 
TAUMAX:  1 

q0: [0.445276,  -0.600157,  -0.176969,  0.484144]

a: [[0.445375, 0.397707, 0.043886, 0.078675, 0.290580, 0.485307],
[-0.600256, -0.507900, -0.067594, -0.194644, -0.139969, -0.176184],
[-0.177061, -0.240056, -0.317611, -1.126147, -0.795610, -0.594829],
[0.484048, 0.719737, 1.127370, 0.896883, 0.638020, 0.444292]]

tau_time_coeff: [0.26706194, 1.48536070, -2.21080977, 1.72341968, 0.00015986] 

tau_v1: 1.00000006 
T_v1: 0.89091336 

dtau_time_coeff: [-1.87101983, 4.91446387, 1.75437830, -3.68908672, 1.66123162] 

dtau_tau_coeff: [-13.39337961, 26.15770889, -11.43547123, -0.92646103, 1.64896916] 

# Gains:
P: -400
D: -4
