Torso0: -0.130877

VHIP0: 0.000000
PHIP0: -0.172996
PHIPF: 0.145911

TMAX: 0.737598 
TAUMAX:  1 

q0: [0.396736,  -0.541084,  -0.204236,  0.449418]

a: [[0.396836, 0.335191, 0.113616, 0.054348, 0.275090, 0.450125],
[-0.540985, -0.429903, -0.284075, -0.048551, -0.192619, -0.205746],
[-0.204336, -0.230132, -0.312559, -0.635991, -0.701788, -0.541639],
[0.449319, 0.650069, 1.077287, 0.934910, 0.572759, 0.395923]]

tau_time_coeff: [0.59584393, 1.28435446, -1.89354733, 1.81007944, 0.00115694] 

tau_v1: 0.99999985 
T_v1: 0.73759820 

dtau_time_coeff: [26.94963545, -35.90572811, 21.63646480, -6.75691268, 1.93226277] 

dtau_tau_coeff: [0.83398577, -0.74133273, 3.80724629, -3.52130775, 1.92755237] 

# Gains:
P: -400
D: -4
