Torso0: -0.089558

VHIP0: 0.000000
PHIP0: -0.060004
PHIPF: 0.064310

TMAX: 1.199918 
TAUMAX:  1 

q0: [0.982611,  -0.682799,  -0.452455,  0.731874]

a: [[1.084295, -3.627262, 6.646260, -3.566453, 1.734531, 1.160898],
[-0.808336, 3.536077, -5.320169, -0.581826, 5.342350, -2.512235],
[-0.579413, 4.536886, -6.629976, -2.748031, 9.984158, -3.930251],
[0.905027, -6.013537, 9.995286, 1.328355, -9.647307, 4.030816]]

tau_time_coeff: [2.82185070, -3.93757126, 1.25177317, -0.08119888, 0.13535708] 

tau_v1: 0.96947804 
T_v1: 1.19991767 

dtau_time_coeff: [-12.81608948, 37.54712608, -38.48244498, 14.75924752, 0.06531745] 

dtau_tau_coeff: [-0.24912540, 1.82121083, -0.53608056, -1.50947969, 1.48084656] 

# Gains:
P: -400
D: -4
